 subject activity tBodyAcc-mean()-X tBodyAcc-mean()-Y tBodyAcc-mean()-Z
1         1        1         0.2773308      -0.017383819        -0.1111481
31        1        2         0.2554617      -0.023953149        -0.0973020
61        1        3         0.2891883      -0.009918505        -0.1075662
91        1        4         0.2612376      -0.001308288        -0.1045442
121       1        5         0.2789176      -0.016137590        -0.1106018
151       1        6         0.2215982      -0.040513953        -0.1132036
2         2        1         0.2764266      -0.018594920        -0.1055004
32        2        2         0.2471648      -0.021412113        -0.1525139
62        2        3         0.2776153      -0.022661416        -0.1168129
92        2        4         0.2770874      -0.015687994        -0.1092183
122       2        5         0.2779115      -0.018420827        -0.1059085
152       2        6         0.2813734      -0.018158740        -0.1072456
3         3        1         0.2755675      -0.017176784        -0.1126749
33        3        2         0.2608199      -0.032410941        -0.1100649
    tBodyAcc-std()-X tBodyAcc-std()-Y tBodyAcc-std()-Z tGravityAcc-mean()-X
1        -0.28374026      0.114461337      -0.26002790            0.9352232
31       -0.35470803     -0.002320265      -0.01947924            0.8933511
61        0.03003534     -0.031935943      -0.23043421            0.9318744
91       -0.97722901     -0.922618642      -0.93958629            0.8315099
121      -0.99575990     -0.973190056      -0.97977588            0.9429520
151      -0.92805647     -0.836827406      -0.82606140           -0.2488818
2        -0.42364284     -0.078091253      -0.42525752            0.9130173
32       -0.30437641      0.108027280      -0.11212102            0.7907174
62        0.04636668      0.262881789      -0.10283791            0.8618313
92       -0.98682228     -0.950704499      -0.95982817            0.9404773
122      -0.98727189     -0.957304989      -0.94974185            0.8969286
152      -0.97405946     -0.980277399      -0.98423330           -0.5097542
3        -0.36035673     -0.069914065      -0.38741199            0.9365067
33       -0.31312344      0.011628081      -0.36975460            0.8835334
    tGravityAcc-mean()-Y tGravityAcc-mean()-Z tGravityAcc-std()-X
1             -0.2821650          -0.06810286          -0.9766096
31            -0.3621534          -0.07540294          -0.9563670
61            -0.2666103          -0.06211996          -0.9505598
91             0.2044116           0.33204370          -0.9684571
121           -0.2729838           0.01349058          -0.9937630
151            0.7055498           0.44581772          -0.8968300
2             -0.3466071           0.08472709          -0.9726932
32            -0.4162149          -0.19588824          -0.9344077
62            -0.3257801          -0.04388902          -0.9403618
92            -0.1056300           0.19872677          -0.9799888
122           -0.3700627           0.12974716          -0.9866858
152            0.7525366           0.64683488          -0.9590144
3             -0.2619864          -0.13810787          -0.9777716
33            -0.3828512          -0.16294396          -0.9440408
    tGravityAcc-std()-Y tGravityAcc-std()-Z tBodyAccJerk-mean()-X
1            -0.9713060          -0.9477172            0.07404163
31           -0.9528492          -0.9123794            0.10137273
61           -0.9370187          -0.8959397            0.05415532
91           -0.9355171          -0.9490409            0.07748252
121          -0.9812260          -0.9763241            0.07537665
151          -0.9077200          -0.8523663            0.08108653
2            -0.9721169          -0.9720728            0.06180807
32           -0.9237675          -0.8780041            0.07445078
62           -0.9400685          -0.9314383            0.11004062
92           -0.9567503          -0.9544159            0.07225644
122          -0.9741944          -0.9459271            0.07475886
152          -0.9882119          -0.9842304            0.08259725
3            -0.9623556          -0.9520918            0.08147459
33           -0.9098260          -0.9094697            0.04268810
    tBodyAccJerk-mean()-Y tBodyAccJerk-mean()-Z tBodyAccJerk-std()-X
1            0.0282721096          -0.004168406          -0.11361560
31           0.0194863076          -0.045562545          -0.44684389
61           0.0296504490          -0.010971973          -0.01228386
91          -0.0006191028          -0.003367792          -0.98643071
121          0.0079757309          -0.003685250          -0.99460454
151          0.0038382040           0.010834236          -0.95848211
2            0.0182492679           0.007895337          -0.27753046
32          -0.0097098551           0.019481439          -0.27612189
62          -0.0032795908          -0.020935168           0.14724914
92           0.0116954511           0.007605469          -0.98805585
122          0.0103291775          -0.008371588          -0.98108572
152          0.0122547885          -0.001802649          -0.98587217
3            0.0100591485          -0.005622646          -0.26867964
33           0.0397249270           0.020820554          -0.45836462
    tBodyAccJerk-std()-Y tBodyAccJerk-std()-Z tBodyGyro-mean()-X tBodyGyro-mean()-Y
1             0.06700250           -0.5026998        -0.04183096       -0.069530046
31           -0.37827443           -0.7065935         0.05054938       -0.166170015
61           -0.10160139           -0.3457350        -0.03507819       -0.090937129
91           -0.98137197           -0.9879108        -0.04535006       -0.091924155
121          -0.98564873           -0.9922512        -0.02398773       -0.059397221
151          -0.92414927           -0.9548551        -0.01655309       -0.064486124
2            -0.01660224           -0.5860904        -0.05302582       -0.048238232
32           -0.18564895           -0.5737464        -0.05769126       -0.032088310
62            0.12682801           -0.3401220        -0.11594735       -0.004823292
92           -0.97798396           -0.9875182        -0.04547066       -0.059928680
122          -0.97105944           -0.9828414        -0.02386239       -0.082039658
152          -0.98317254           -0.9884420        -0.01847661       -0.111800825
3            -0.04496196           -0.5294861        -0.02564052       -0.077915094
33           -0.25168036           -0.7085517         0.07219803       -0.139275406
    tBodyGyro-mean()-Z tBodyGyro-std()-X tBodyGyro-std()-Y tBodyGyro-std()-Z
1           0.08494482        -0.4735355      -0.054607769        -0.3442666
31          0.05835955        -0.5448711       0.004105184        -0.5071687
61          0.09008501        -0.4580305      -0.126349195        -0.1247025
91          0.06293138        -0.9772113      -0.966473895        -0.9414259
121         0.07480075        -0.9871919      -0.987734440        -0.9806456
151         0.14868944        -0.8735439      -0.951090440        -0.9082847
2           0.08283366        -0.5615503      -0.538453668        -0.4810855
32          0.06883740        -0.4392531      -0.466298337        -0.1639958
62          0.09717381        -0.3207892      -0.415739145        -0.2794184
92          0.04122775        -0.9857420      -0.978919527        -0.9598037
122         0.08783517        -0.9729986      -0.971441996        -0.9648567
152         0.14488285        -0.9882752      -0.982291609        -0.9603066
3           0.08134859        -0.5718696      -0.563793260        -0.4766964
33          0.02156037        -0.4560393      -0.582742846        -0.4923273
    tBodyGyroJerk-mean()-X tBodyGyroJerk-mean()-Y tBodyGyroJerk-mean()-Z
1              -0.08999754            -0.03984287            -0.04613093
31             -0.12223277            -0.04214859            -0.04071255
61             -0.07395920            -0.04399028            -0.02704611
91             -0.09367938            -0.04021181            -0.04670263
121            -0.09960921            -0.04406279            -0.04895055
151            -0.10727095            -0.04151729            -0.07405012
2              -0.08188334            -0.05382994            -0.05149392
32             -0.08288580            -0.04240537            -0.04451575
62             -0.05810385            -0.04214703            -0.07102298
92             -0.09363284            -0.04156020            -0.04358510
122            -0.10556216            -0.04224195            -0.05465395
152            -0.10197413            -0.03585902            -0.07017830
3              -0.09523982            -0.03878747            -0.05036161
33             -0.11551057            -0.04003725            -0.04981809
    tBodyGyroJerk-std()-X tBodyGyroJerk-std()-Y tBodyGyroJerk-std()-Z
1              -0.2074219            -0.3044685            -0.4042555
31             -0.6147865            -0.6016967            -0.6063320
61             -0.4870273            -0.2388248            -0.2687615
91             -0.9917316            -0.9895181            -0.9879358
121            -0.9929451            -0.9951379            -0.9921085
151            -0.9186085            -0.9679072            -0.9577902
2              -0.3895498            -0.6341404            -0.4354927
32             -0.4648544            -0.6454913            -0.4675960
62             -0.2439406            -0.4693967            -0.2182663
92             -0.9897090            -0.9908896            -0.9855423
122            -0.9793240            -0.9834473            -0.9736101
152            -0.9932358            -0.9895675            -0.9880358
3              -0.3859230            -0.6390880            -0.5366641
33             -0.5072708            -0.7757741            -0.5734339
    tBodyAccMag-mean() tBodyAccMag-std() tGravityAccMag-mean() tGravityAccMag-std()
1          -0.13697118       -0.21968865           -0.13697118          -0.21968865
31         -0.12992763       -0.32497093           -0.12992763          -0.32497093
61          0.02718829        0.01988435            0.02718829           0.01988435
91         -0.94853679       -0.92707842           -0.94853679          -0.92707842
121        -0.98427821       -0.98194293           -0.98427821          -0.98194293
151        -0.84192915       -0.79514486           -0.84192915          -0.79514486
2          -0.29040759       -0.42254417           -0.29040759          -0.42254417
32         -0.10732268       -0.20597705           -0.10732268          -0.20597705
62          0.08995112        0.21558633            0.08995112           0.21558633
92         -0.96789362       -0.95308144           -0.96789362          -0.95308144
122        -0.96587518       -0.95787497           -0.96587518          -0.95787497
152        -0.97743549       -0.97287391           -0.97743549          -0.97287391
3          -0.25469033       -0.32842894           -0.25469033          -0.32842894
33         -0.18401490       -0.33359743           -0.18401490          -0.33359743
    tBodyAccJerkMag-mean() tBodyAccJerkMag-std() tBodyGyroMag-mean()
1             -0.141428809           -0.07447175         -0.16097955
31            -0.466503446           -0.47899162         -0.12673559
61            -0.089447481           -0.02578772         -0.07574125
91            -0.987364196           -0.98412002         -0.93089249
121           -0.992367791           -0.99309621         -0.97649379
151           -0.954396265           -0.92824563         -0.87475955
2             -0.281424154           -0.16415099         -0.44654909
32            -0.321268911           -0.21738939         -0.21971347
62             0.005655163            0.22961719         -0.16218859
92            -0.986774713           -0.98447587         -0.94603509
122           -0.980489077           -0.97667528         -0.96346634
152           -0.987741696           -0.98551808         -0.95001157
3             -0.280009317           -0.13991636         -0.46641175
33            -0.436901159           -0.43902059         -0.34732181
    tBodyGyroMag-std() tBodyGyroJerkMag-mean() tBodyGyroJerkMag-std()
1           -0.1869784              -0.2987037             -0.3253249
31          -0.1486193              -0.5948829             -0.6485530
61          -0.2257244              -0.2954638             -0.3065106
91          -0.9345318              -0.9919763             -0.9883087
121         -0.9786900              -0.9949668             -0.9947332
151         -0.8190102              -0.9634610             -0.9358410
2           -0.5530199              -0.5479120             -0.5577982
32          -0.3775322              -0.5728164             -0.5972917
62          -0.2748441              -0.4108727             -0.3431879
92          -0.9613136              -0.9910815             -0.9895949
122         -0.9539434              -0.9839519             -0.9772044
152         -0.9611641              -0.9917671             -0.9897181
3           -0.5615107              -0.5661352             -0.5673716
33          -0.4088867              -0.6588614             -0.7180280
    fBodyAcc-mean()-X fBodyAcc-mean()-Y fBodyAcc-mean()-Z fBodyAcc-std()-X
1         -0.20279431       0.089712726        -0.3315601      -0.31913472
31        -0.40432178      -0.190976721        -0.4333497      -0.33742819
61         0.03822918       0.001549908        -0.2255745       0.02433084
91        -0.97964124      -0.944084550        -0.9591849      -0.97641231
121       -0.99524993      -0.977070848        -0.9852971      -0.99602835
151       -0.93909905      -0.867065205        -0.8826669      -0.92443743
2         -0.34604816      -0.021904810        -0.4538064      -0.45765138
32        -0.26672093       0.009924459        -0.2810020      -0.32058241
62         0.11284116       0.278345042        -0.1312908       0.01610462
92        -0.98580384      -0.957343498        -0.9701622      -0.98736209
122       -0.98394674      -0.959871697        -0.9624712      -0.98905647
152       -0.97672506      -0.979800878        -0.9843810      -0.97324648
3         -0.31661401      -0.081302435        -0.4123741      -0.37927678
33        -0.39200421      -0.078809416        -0.5044945      -0.28533302
    fBodyAcc-std()-Y fBodyAcc-std()-Z fBodyAccJerk-mean()-X fBodyAccJerk-mean()-Y
1        0.056040007      -0.27968675           -0.17054696           -0.03522552
31       0.021769511       0.08595655           -0.47987525           -0.41344459
61      -0.112963740      -0.29792789           -0.02766387           -0.12866716
91      -0.917275006      -0.93446956           -0.98659702           -0.98157947
121     -0.972293102      -0.97793726           -0.99463080           -0.98541870
151     -0.833625556      -0.81289156           -0.95707388           -0.92246261
2       -0.169219686      -0.45522215           -0.30461532           -0.07876408
32       0.084880279      -0.09454498           -0.25863944           -0.18784213
62       0.171973973      -0.16203289            0.13812068            0.09620916
92      -0.950073754      -0.95686286           -0.98784879           -0.97713970
122     -0.957908842      -0.94643358           -0.98097324           -0.97085134
152     -0.981025106      -0.98479218           -0.98581363           -0.98276825
3       -0.124030832      -0.42299847           -0.30469444           -0.14050859
33      -0.008039875      -0.35079723           -0.47843431           -0.28377255
    fBodyAccJerk-mean()-Z fBodyAccJerk-std()-X fBodyAccJerk-std()-Y
1              -0.4689992          -0.13358661          0.106739857
31             -0.6854744          -0.46190703         -0.381777065
61             -0.2883347          -0.08632790         -0.134580009
91             -0.9860531          -0.98749299         -0.982513910
121            -0.9907522          -0.99507376         -0.987018227
151            -0.9480609          -0.96416071         -0.932217870
2              -0.5549567          -0.31431306         -0.015332952
32             -0.5227281          -0.36541544         -0.243554147
62             -0.2714987           0.04995906          0.080833349
92             -0.9851291          -0.98945911         -0.980804228
122            -0.9797752          -0.98300792         -0.973520241
152            -0.9861971          -0.98725026         -0.984987393
3              -0.5141373          -0.29659663         -0.005614988
33             -0.6773145          -0.48644651         -0.268191524
    fBodyAccJerk-std()-Z fBodyGyro-mean()-X fBodyGyro-mean()-Y fBodyGyro-mean()-Z
1             -0.5347134         -0.3390322        -0.10305942        -0.25594094
31            -0.7260402         -0.4926117        -0.31947461        -0.45359721
61            -0.4017215         -0.3524496        -0.05570225        -0.03186943
91            -0.9883392         -0.9761615        -0.97583859        -0.95131554
121           -0.9923498         -0.9863868        -0.98898446        -0.98077312
151           -0.9605870         -0.8502492        -0.95219149        -0.90930272
2             -0.6158982         -0.4297135        -0.55477211        -0.39665991
32            -0.6250910         -0.3316436        -0.48808612        -0.24860112
62            -0.4082274         -0.1457760        -0.36191382        -0.08749447
92            -0.9885708         -0.9826214        -0.98210092        -0.95981482
122           -0.9845999         -0.9670371        -0.97257615        -0.96062770
152           -0.9893454         -0.9864311        -0.98332164        -0.96267189
3             -0.5435291         -0.4378458        -0.56152627        -0.41812622
33            -0.7387059         -0.3782167        -0.63729351        -0.43150336
    fBodyGyro-std()-X fBodyGyro-std()-Y fBodyGyro-std()-Z fBodyAccMag-mean()
1          -0.5166919       -0.03350816        -0.4365622        -0.12862345
31         -0.5658925        0.15153891        -0.5717078        -0.35239594
61         -0.4954225       -0.18141473        -0.2384436         0.09658453
91         -0.9779042       -0.96234504        -0.9439178        -0.94778292
121        -0.9874971       -0.98710773        -0.9823453        -0.98535636
151        -0.8822965       -0.95123205        -0.9165825        -0.86176765
2          -0.6040530       -0.53304695        -0.5598566        -0.32428943
32         -0.4763588       -0.45975849        -0.2180725        -0.14531854
62         -0.3794367       -0.45873275        -0.4229877         0.29342483
92         -0.9868085       -0.97735619        -0.9635227        -0.96127375
122        -0.9749881       -0.97103605        -0.9697543        -0.96405217
152        -0.9888607       -0.98191062        -0.9631742        -0.97511020
3          -0.6151214       -0.56888867        -0.5458964        -0.29003154
33         -0.4848210       -0.55604595        -0.5610976        -0.31586608
    fBodyAccMag-std() fBodyBodyAccJerkMag-mean() fBodyBodyAccJerkMag-std()
1         -0.39803259                -0.05711940               -0.10349240
31        -0.41626010                -0.44265216               -0.53305985
61        -0.18653030                 0.02621849               -0.10405226
91        -0.92844480                -0.98526213               -0.98160618
121       -0.98231380                -0.99254248               -0.99253600
151       -0.79830094                -0.93330036               -0.92180398
2         -0.57710521                -0.16906435               -0.16409197
32        -0.36672824                -0.18951114               -0.26042384
62        -0.02147879                 0.22224741                0.22748073
92        -0.95557560                -0.98387470               -0.98412419
122       -0.96051938                -0.97706530               -0.97516046
152       -0.97512139                -0.98537411               -0.98456849
3         -0.45637308                -0.18676452               -0.08985199
33        -0.44799437                -0.41292090               -0.48060920
    fBodyBodyGyroMag-mean() fBodyBodyGyroMag-std() fBodyBodyGyroJerkMag-mean()
1                -0.1992526             -0.3210180                  -0.3193086
31               -0.3259615             -0.1829855                  -0.6346651
61               -0.1857203             -0.3983504                  -0.2819634
91               -0.9584356             -0.9321984                  -0.9897975
121              -0.9846176             -0.9784661                  -0.9948154
151              -0.8621902             -0.8243194                  -0.9423669
2                -0.5307048             -0.6517928                  -0.5832493
32               -0.4506122             -0.4386204                  -0.6007985
62               -0.3208385             -0.3725768                  -0.3801753
92               -0.9718406             -0.9613857                  -0.9898620
122              -0.9617759             -0.9567887                  -0.9778498
152              -0.9721130             -0.9610984                  -0.9902487
3                -0.5697558             -0.6326433                  -0.6077516
33               -0.5142116             -0.4451818                  -0.7168778
    fBodyBodyGyroJerkMag-std()
1                   -0.3816019
31                  -0.6939305
61                  -0.3919199
91                  -0.9870496
121                 -0.9946711
151                 -0.9326607
2                   -0.5581046
32                  -0.6218202
62                  -0.3436990
92                  -0.9896329
122                 -0.9777543
152                 -0.9894927
3                   -0.5490870
33                  -0.7400334